00000000111100000000000110010011
00000000001100000000000100010011
01000000001000011000001000110011
00000000001100100000001010110011
00000000010100000010000010100011
00000000000100000010001100000011
00000000011000010000010000110011
00000000001000011100001001100011
00000000001100010101001001100011
00000000000000000000000000000000
00000000000000000000000000000000
00000000000000000000000000000000
00000000000000000000000000000000
00000000000000000000000000000000
00000000000000000000000000000000
00000000000000000000000000000000
